k = 0.11832104726254283;
a = 1.0379446258190732
ranks = [57,114,623,743,1028,1787,2065,3508,5679,6012]
predictedFrequency = ranks .^(-a) * k
